dont take project teach u basic thing googl self learn,cloud share portion lectur part chunki ux design screen small differ move part hard focu content focu much tool creat enough actual analysi feel like promot creat,didnt realli understand screen tooo small,nice cours nice explan easi understand,nice clear guidanc thank,great cours,good,grear,inform clear explan,inform,interest,great inspir cours,use cours,good
