lesson start use referenc infosec skill requir membership cost hundr dollar year top coursera cost known would start either 7 day free trial give cc info nt accept,cybersecur fundament part week 2 contain video cloud comput fundament part week 4,time took cours video week 2 video week 4 practic cours entri level,littl longer depth modul would make better,thank depend sourc wisdom,tthank much learn opportun,reason could find answer textual given question like e g mani file averag us employe access video mention,aw site updat differ video overal keaton great lectur,cours realli great cours abl learn mani thing thank organ cours,cours good starter,amaz instructor unriv microsoft paint skill,honestli knew noth comput flare cybersecur cours provid basic confid attack challeng cours,total clueless cybersecur strongli believ skill boost legal career must say forc leav review k evan specif concept lesson short interest video merg togeth one long clip probabl would got much short clip trick also love relat industri demand skill lawyer train practic skill help save ton dollar firm shorten length forens investig also limit much data firm expos ro outsid forens investig prosecut case begin determin take time build solid foundat suggest highli recommend,good initi,easi follow lesson realli cours want learn instructor,thank,inde introductori cours newbi cybersecur give foundat detail need know cybersecur excel introductori cours kudo guy make cybersecur journey right path,cours fill gap knowledg,best need free cours like,great,cours help thank provid cours,great crash mini cours basic cybersecur,great hand,great class awesom paint skill,learn lot thank much,cours gave clear understand good foundat cyber secur also keatron best tutor,s mind blow cours look forward take keatron s cours coursera s fire love hand practic learn best practic thank cours sir,nt,mantap,educ,week one video correct accord titl cyber secur explain video week 4 work aw shown make week 1 quiz irrelev content regardless cours inform explanatori learn lot would want learn thank instructor cours
