cours one best guid project enrol m work make eportfolio thank much,recommend cours,nice
