want get music product certif finish cours nt need leav wo nt learn anyth new nt taught 3 previou cours want see instructor talk loos sofa cours,great cours seri overal capston simpli summari lesson,thorougli enjoy cours appreci enthusiasm shown professor russel initi wa nt sure take musicianship cours professor russel kept interest learn lot,program could use detail instruct say skill experi realli put test one issu special protool requir 4 cours good idea daw requir audio interfac reason friend nt want take special,incred cours want kiss team involv,realli help,love ittttttt,great cours,one best format ever done make abl increas product knowledg m final profession produc,enjoy cours assign well begin student submiss also nice best cours beginn produc track start final mix master,great conclus great cours thank berkle thank coursera,excel cours,exelent,good stuff,great cours sum ve work past three cours recommend,love cours m grate knowledg could acquir s probabl begin m happi learn best greet bogot colombia,great cours great way complet special,excel cours great content thumb,immens grate knowledg skill tooi immens grate knowledg skill tool provid cours immens gratefu immens grate knowledg skill tool provid cours l knowledg skill tool provid cours ls provid cours clarifi mani gap differ phase music product would realli recommend cours,nice,great cours realli recommend,nice cours,cool help much understand sonic signatur scare daw,aim improv product skill learn valuabl techniqu emot dynam timelin complet cours higher confid product skill highli recommend,love,cours class idea help classmat make differ result end surpris end get mani time would make new modul sure,great cours love,good place start,thank cours use add skill,great cours,love cours think need emphasi master process s noth littl investig fix total recommend,cours found peer review process feedback help great learn experi assign encourag produc deliver focu area need work glad taken cours grate student well thank
