jann balmer,cancer prevent web base activ,univers virginia,web base video cours focus import prevent risk reduct decreas cancer occurr learner need watch video modul read associ articl achiev pass score 80 quizz order complet cours complet cours learner receiv link claim continu medic nurs educ credit descript next gener choic foundat ngcf less cancer lesscanc org conjunct univers virginia american univers promot prevent paradigm address alarm trend increas cancer incid rais awar cancer prevent make risk reduct prevent vital part cancer paradigm peopl departur previou treatment focus approach talk beat conquer cure cancer mani cancer prevent reduc risk factor pfa lead corros water suppli infrastructur use tobacco product ultraviolet light exposur asbesto exposur specif contamin pollut sourc dispar inequ promot healthi lifestyl choic diet exercis nutrit visit faq import inform regard 1 activ faculti credenti 2 accredit credit design statement 3 commerci support disclosur statement 4 disclosur financi relationship everi person control activ content role activ 5 date origin releas termin expir date
