googl career certif,aspecto bsico de la asistencia tcnica,googl,
