angelo paolillo,build custom region report googl analyt,coursera project network,
