rafiq wayani,oracl sql practic cours,learnquest,
