lara muqashar,collect de fond pour lutter contr linjustic via le outil de collect de fond facebook,coursera project network,dan ce projet guid dune heur vou apprendrez comment dmarrer avec facebook pour le collect de fond vou saurez galement comprendr la commun de collect de fond facebook le paiement de collect de fond facebook et tirer le meilleur parti de dfi facebook la fin de ce projet vou serez en mesur de vou lancer dan le collect de fond facebook de comprendr le commun de collect de fond facebook et le paiement de collect de fond facebook vou pourrez galement tirer le meilleur parti de dfi facebook
