miguel a centeno,paradox war,princeton univers,paradox war teach us understand war normal part human exist arguabl one import factor make us cours hope come appreci war natur express common human emot interact constitut part coher group war paradox express basest anim natur exemplar vaunt valu civil virtu learn basic militari histori sociolog cours len import purpos see broader social theme issu relat war want learn war importantli use way understand everyday social world exampl discuss war gender serv start think expect masculin creat discuss nation make clear easi us dichotomi establish ab use suggest read complement class assign activ abl appli theoret insight cours observ everyday life end cours start see war everywher come appreci much defin lifeal featur cours avail free offer certif upon complet,instructor manner incred irrit,serv us navi 26 year multipl deploy two war train men women third five week cours simpli nt reson experi discuss ve peopl serv experi veteran wwii korea vietnam ve known year better titl would paradox mytholog war vision offer foreign someon continu,cours content good well deliv unfortun forum repli send month rejoin close order get suffici comment work complet cours case took nine month finish even though complet materi two month would great backroom part cours good materi deliveri,vietnam veteran believ war humankind cave upon bring worst human destruct human societi manipul humankind includ minor women children product war resourc war show resili humankind worst event experi horror good war good insid mankind war involv destruct human believ concept cours lunaci us militari deterr prepar war defend america nevertheless barbarian celebr war jame kirk wiggin msgt usaf ret,titl cours paradox war one paradox littl paradox war review reflect lectur read materi,almost year still wait receiv grade 90 c,said could done schedul true want withdraw stupid cours suck,new format make imposs watch line,initi impress astound mediocr amaz academ career made day,weekli quizz would great,undergradu cours s good comment deliveri quotat given verbal might better shown screen drive home hope professor militari histori cours analyz war particularli broad stroke interest piqu cours want know specif war battl also interest war prior 1500 esp ancient civil,enjoy cours howev made 2014 littl date later lectur,cours fine wo nt filter complet section though say 100 percent,interest cours learn thing d never thought instructor knowledg enthusiast enjoy cours despit sometim depress subject matter,nice sometim becom repetit,one may surpris oneself interest take cours experi cours highli posit learn world histori gener last 1000 year plu glimps earlier time shape war would say one becom convinc merit war shape societi larger stabl entiti actual encourag peac prosper would agre take cours bravo,great inform share easi understand method,v,thoroughli enjoy cours think must virtual done intervent certainli recent week thought provok cours credit professor help put cours togeth,love elabor structur provid certif,appreci professor s clear articul lectur togeth use lectur question reinforc main conceptsi may complet agre point rais good professor perspect offer histor event greatli appreciatedi also appreci approach method war within differ cultur would requir much larger longer cours grate professor place focu unfortun time particip class reduc abil properli interact student progress lesson accept respons aspectstil consid one except cours offer coursera credit larg present skill good professor thank share knowledg opportun consid topic would ordinarili studi detail,differ perspect war made think differ whole process reaction peopl involv form confront situat,good coverag interest lectur provid good histori warfar social psycholog fresh perspect guess,solid present idea consid enter war sadli usual ignor emot mindless mass moment,well done howev dislik cours even professor glorifi posit aspect war,good cours interest perspect piti princeton issu certif,although long wind fantast cours w fantast insight,great cours explor war differ facet,fresh perspect see relat war societi notion war alway bad avoid challeng seemingli controversi idea war bring benefit societi cost discuss quit convincingli,enjoin program mani thank,specifi subject well explain view war also abl understand factor war research explor one best learn 2015thank much,good cours lot inform,passion prof centeno contamin issu point somewhat new circl friend militari profess definit connect cultur basi societi capac way fight war someth chang way see result event futurethank much initi,realli introduct cours ive utilizedthank,love idea sociolog view war,interest cours first week littl beat bore discuss featur obviou cours continu question becom untrest especi concern war polit whole good cours give student broad understandung issu recommend,good inform good discuss forum recommend,extrem interest cours full fascin sociologyc histor topic thing nt good difficulti get book instructor mention,great cours studi lot histori anthropolog travel lot realli amaz cours manag connect dot perhap sens unabl vocal realli interest professor engag,excellemt cours chang form view war,great cours understand war nuanc importantli effect shape societi,one finest set lectur topic war peac ever experiencedth depth coverag cours phenomen scope topic incred broadmost lectur answer question long wrestl otherwis ration human see need kill armi offic infantri battalion 1968 73 never rememb singl soldier offic ever question serv uniform never topic us felt duti except ffor mani drafte fought countri much sure wish abl studi cours enter armi see men women go war,great best cours,one enjoy cours particip coursera materi interest instructor passion materi class engag live discuss thank,a decent cours good professor appreci,thank cours could deeper wider view human histori societi overal use think war devilish remov even though still think avoid war possibl could grate abl understand human involv war owe cours,one best academ experi soldier would recomend fellow soldier civillian friend could understand littl better paradox war,veri good cours well present especi thought possibl futur end interest d never consid suggest cours western war impli mani form m curiou,good cours hope part2 futur,good,put new perspect war affect civil futur war,excel cours realli like professor teach style knowledg base,good cours provid regard topic concis precis clear well document support argument background,great class accord object studi war sociolog point view perhap need deeper review militari point view eastern form conflict matter beyond scope cours teacher say arous curios variou subject certainli help master,learner thank much give overal thorough view war vietnames much respect neutral point view vietnam war wish best hope visit countri day,enjoy much start finish would highli recommend young militari offic,absolut great cours highli recommend everyon definit deepen knowledg professor s knowledg topic profound way teach clear thank,amaz,great cours cours provid great inform propos import philosoph question wish exam certif go along,well done well organ instructor excel teacher feel like watch episod nation geograph sociolog war,realli interest uniqu class professor extrem knowledg field amaz job explain sociolog behind war,like lot coursethank human bravo skill,love cours wonder understand professor war relat implic thank professor first time fulli understood horror holocaust,v,outstand inform nonpolit thought provok,done nice inform cours,thank miguel watch video great interest age interest hear perspect thing spent life defens industri uniform contractor never serv combat seen close found research applic sociolog aspect war civil extraordinarili fascin thank tim,interest topic well present cover virtual everi histor period s warfar guess everi histor period s peopl,great cours thing could advic chang make cours bit shorter compact,interest view perspect sensit difficult subject,great lectur great read recommend order coupl book bibliographi dissappoint,s interest perspect war,outstand cours sure would interest topic turn interest cours cours sociolog war also cover militari histori philosophi war psycholog war give intrigu interdisciplinari spirit,well structur organis cours would recommend colleagu,perfect cours,one best introductori cours thoroughli understand subject matter need read addit text would even recommend given chapter whole book,interest approach good overview long histori develop western way wara bit gap long histor develop line ww2 last lectur recent event,realli interest cours allow new insight,wonder cours show dynam war,great toppic nice optic,one favorit cours ve taken interest realli enjoy lectur,inform,brilliant cours ll get comprehens idea war societi,s extend introductori cours use first understand war histori sociologyc issu relat,fantast cours war professor passion articul focus effort provid primer materi wide complex topic thank much creat cours ve learnt ton,depth cours war,detail easi understand,far interest master explain,great cours good clear well structur lectur interest read although much inform cours new cours taught sever new viewpoint realli nice thank provid cours effort,great give interest point view enlighten interest aspect like style presentationand good understand would anoth project cousera would join thank,p,paradox war mayb one interest cours ve enrol courserai say sure ve learn lot via prof miguel centeno week admir passion knowledg realli surpris watch mani thing know ancient greek histori mytholog realli pleas listen use great deal hellen vocabulari amaz would like thank person cours look forward take anoth class futurethank elizabeth greec,good curs,nice cours,cours entir rivet immin inform time import dr centeno wonder engag instructor excel job discuss often difficult thorni issu sensit academ acut balanc,amaz interest cours realli enjoy explan clear,thank brilliant insight natur war 20000 leagu closer understand natur war word aha sure cours isnt replac real studi sociolog warfar nevertheless know say see say think speak act make us ethic blind bring us freedom peac chang everyday life peac know defend planet even war clash ideolog,flexibl learn commun directli us intellectu,interest mooc quit uniqu s kind s good mooc everyon want get deep vision histori highlight studi war uniqu interest way,realli good great teacher good structur argument,excel cours realli enjoy recent educ experi 72 vet vietnam era great cours learn compani rate best mani cours taken realli appreci quizz end everi lesson sinc help reinforc key point also remind colleg experi philosophi everi cadet grade everi class everyday kudo prof,great lectur cours materi span ancient warfar tactic way modern war involv atom bomb guerrilla introduc us histori western warfar importantli focus relationship war societi war aris societ need conflict well war shape transform societi strike good balanc address paradox war avoid get much polit ideolog war,interest cours,g,bring world art war much better interpret sun tzu machiavelli,well structur programm add inform perspect current event,great teacher interest lesson materi,24 yr militari offic servic academi would like complement instructor great job especi given militari servic direct experi battl complement,well worth time hear first hand combat veterans war good excel book thought provok cover lot materi discuss throughout cours,excel cours extrem detail lectur,professor excel great didact good materi read pictur illustr cours would suggest tri repeat content class understand repeat topic order state point,enjoy lectur topic thank,use contain interest materi,cours eye open one clearli give poignant insight life soldier natur war role societi,insight,extraordinarydon passion,interest cours help gain profound understand method warmak power organis well coordin action group peopl gener teach approach professor miguel centeno one basic reason cous delight enrich would strongli recomend cours everyon interest field intern affair,interest well taught,cours supl differ perspect peopl interest war sociolog,professor engag,w,interest topic war human histori analyz cours recommend,interest cours clearli present well pace assign good level recommend bit detail mark rubrikthank thought provok analysi topic could emot,thoroughli enjoy cours thought excel introduct think war sociolog perspect pick apart common sens everyday understand ve also found great launchpad studi,good congratul,it excel congratul professor,great lesson attract format,found cours extrem interest inform long interest evolut societi particular advanc made societi develop nation state institut fascin,,cours help opportun develop interest area definit recommend train,great teacher passion cheer australia,incred cours amaz instructor love everyth,inced structur professor absolut must everyon understand war express humman,fantast cours want reali understand soldier,fantast cours global subject lay core human experi must cours histori lover geopolit enthusiatist,thoroughli enjoy cours professor centeno guid us histori show even war make posit contribut societi soldier agre notic good onlin lectur first mooc felt m auditorium comput,nice cours broad overview appropri wide audienc concern warfar polit defens secur also literatur interest suggest book reason price topic discuss inspir ingrati teach style relax well point interest,great cours,unexpectedli thought provok,highli informt relev use cross studi modern state war studi terror counter terror studi,cours chang view war s excit cours
